time,x,y,z,phi,theta,psi,x_velocity,y_velocity,z_velocity,phi_velocity,theta_velocity,psi_velocity,rotor_speed1,rotor_speed2,rotor_speed3,rotor_speed4
0.06,1.0745088996583458e-07,1.1744173631195535e-06,10.006566055745408,0.0007324025673174361,6.282977548039948,0.0,1.4691555793274636e-05,9.157298637080494e-05,0.21885141503010858,0.029411613703087744,-0.011488272384781702,0.0,474.0023243108764,473.11886105795253,471.5262999272045,473.79250516367745
0.12000000000000001,7.927186375171248e-06,2.8629996554427223e-05,10.02260718382651,0.002679669722504663,6.281941475101345,0.0,0.00032983593960266017,0.0010127046285108743,0.3158300693866741,0.0379337856447976,-0.03250795728547101,0.0,436.30471949102423,434.54657166485146,436.2265825447177,436.9379323043372
0.18,7.020694266621676e-05,0.00017430616851407763,10.050300412556801,0.006381872369004782,6.279792027649243,0.0,0.002011879253361372,0.004259879023676116,0.6071664066257376,0.08818574001024396,-0.04345314351907091,0.0,494.531074628026,493.72388090547037,492.0951226364377,495.80225680352135
0.23999999999999996,0.000262797510028146,0.0005665484293335614,10.087644187616661,0.011528191912128172,6.276731478909483,0.0,0.004660605657158711,0.009293780581647405,0.6376043540780544,0.08044919700126238,-0.0737751238105482,0.0,415.5101045161416,412.84146763583533,415.44392078443326,414.7717237874977
0.3,0.000695097829033843,0.001384879686896329,10.129230741251243,0.01599072254757683,6.272313715229041,0.0,0.010207199014481928,0.018468686636436655,0.7485374120040625,0.058058694302417176,-0.07333968074416977,0.0,440.57667238150214,440.6083934663554,441.96624388541426,440.1214490619491
0.36000000000000004,0.0015684773843032186,0.002864648857632374,10.178818713930733,0.01956020077863574,6.268015403371846,0.0,0.01938353965449998,0.031243954469596713,0.9042715473590732,0.062211594392170895,-0.06843821792775175,0.0,454.02894177553486,454.41812253575443,455.37547470574,455.70990141759455
0.4200000000000001,0.0030674127130571765,0.005166888365132743,10.236513692896338,0.02358524045471988,6.264145353559432,0.0,0.030993866754457346,0.045900714488392585,1.018783180946293,0.07537945175281105,-0.057607163305471505,0.0,441.80025261782055,442.68914677750723,442.01492613257113,443.10197093166386
0.48000000000000015,0.005403052236583105,0.008511479373987125,10.304162364924975,0.028010956504369133,6.260281781965265,0.0,0.047286804458837074,0.06611441248235143,1.235940093339371,0.07031505738207294,-0.08357518249084647,0.0,474.70148845104126,472.70181826523236,474.0656941880262,473.68030290366795
0.5400000000000001,0.008740532320355626,0.013083409991910393,10.381652507327527,0.03268442417073825,6.255535421500571,0.0,0.06446412139534526,0.08674314504650159,1.3469126553890898,0.08985409433026531,-0.07140661698303073,0.0,440.6063135103005,441.60595792577357,442.21181127585714,443.82295379069205
0.6000000000000002,0.013125443204674814,0.01890016744549575,10.462973881519193,0.03828785719903838,6.251244172425142,0.0,0.0820836238740487,0.10764119680258513,1.3637496147390447,0.09965768680437254,-0.07175007687450326,0.0,411.42803004364674,411.393236391853,411.62219049239314,412.49685012239235
0.6600000000000003,0.018925561055505278,0.026410925241978314,10.553839726345931,0.04435413232948893,6.246750128727058,0.0,0.11181936465685673,0.14349434411081757,1.6646681679558706,0.10384970445252284,-0.08208885643420005,0.0,498.91962052547643,498.1604986186283,498.7339138189549,499.04757733449094
0.7200000000000003,0.0266893886969478,0.03630573962612955,10.664282827872023,0.05076336868469333,6.242284021369333,0.0,0.1476035140420956,0.18718626714354566,2.0161449632627786,0.11217948954383547,-0.062374087760323736,0.0,512.8202817219536,514.2149703785708,513.2698563331174,513.8689237288061
0.7800000000000004,0.03661296010991211,0.04887245614033286,10.793210422671466,0.05869078572220765,6.238557014071883,0.0,0.18363347658973142,0.23262292276278929,2.2808724001423872,0.1559883037188047,-0.06160732159725941,0.0,490.7063139598161,490.7608477855743,489.05153947245276,492.3166975754239
0.8400000000000004,0.048533189876741205,0.06403144791674395,10.932270522944062,0.06827254500238844,6.234585707724596,0.0,0.2140742297493814,0.2735949561158833,2.35423050550382,0.16622843391933664,-0.0774322439455378,0.0,434.55901529888587,433.22702252198314,433.95892762031286,434.84236714563195
0.9000000000000005,0.06249545128964608,0.08202965762080275,11.078400984726883,0.07856558689608839,6.229576691665738,0.0,0.251849343609445,0.3274457929208941,2.516318506743466,0.18048733019881016,-0.09971367089424184,0.0,462.44382513115596,460.6797641152135,462.54767578687785,463.69594044716916
0.9600000000000005,0.07873072825190813,0.10333129531817817,11.232216922259134,0.08998797152100302,6.224479366793172,0.0,0.28986513020507976,0.3837168352337799,2.6105250239577913,0.20507892288732313,-0.06531526004161735,0.0,440.4054314764473,443.2348086896242,441.8599606862046,443.91733915562753
1.0200000000000005,0.09757934727680254,0.12861109457335423,11.395583988077481,0.10276396568767066,6.2206905911156785,0.0,0.33885263582036074,0.4603999884397166,2.8343152616285257,0.22523291993976777,-0.05912909027336032,0.0,482.3547228615513,482.8190951092991,481.4553253649348,483.0180634134584
1.0800000000000005,0.11909465056429067,0.15820328917882343,11.5666251197239,0.11617166101649445,6.21672657566527,0.0,0.3786571942795227,0.527229206490128,2.8667881394230825,0.21966791084513104,-0.085910310955259,0.0,426.36999953488754,424.07197216109813,424.46325550929333,424.03750688502146
1.1400000000000006,0.14329191798754554,0.19243064651273462,11.742744652200638,0.12996351735823364,6.2122253648704735,0.0,0.4284053293073045,0.6150826657750282,3.003257449622899,0.24491325694705043,-0.05919709323525723,0.0,457.5315321430813,459.64886638924025,457.37571724833623,459.43183449793713
1.2000000000000006,0.17062526127121158,0.23234119717926247,11.92781764381753,0.1442931403878962,6.208767655063355,0.0,0.48306043653772424,0.7168133720696729,3.1651012964158336,0.22249771252302564,-0.0546638229730408,0.0,466.68235390993806,467.03394159309875,469.03659531595014,467.34572740160604
1.2600000000000007,0.20107986981235457,0.27821366494041255,12.119457159757172,0.15740268280504832,6.205323750830875,0.0,0.5323974563567886,0.8134946603669262,3.2224453076586586,0.20897440562945524,-0.063518443298383,0.0,436.96764676576083,436.22648936248567,436.7351273352846,435.65374344031903
1.3200000000000007,0.23474710568603757,0.3305082762398088,12.316803545085289,0.16977110331624257,6.201887039327227,0.0,0.5901925701825843,0.930903395061329,3.3550570791822416,0.1997781305474201,-0.04706051648344348,0.0,460.19287243440925,461.49158189217593,461.7676106812069,461.08155419435303
1.3800000000000008,0.2717801658690116,0.3897504919981632,12.519984846800847,0.18152826199204863,6.199446198419988,0.0,0.6444703788406385,1.044922687691542,3.417159441827335,0.1869429609088171,-0.030272705839634505,0.0,439.845162213154,441.2324024667122,440.80054146621393,439.77631962349693
1.4400000000000008,0.31210611972800434,0.45604297536544885,12.726767827511063,0.19253776772019826,6.198338636498068,0.0,0.6998340269767479,1.165827088351498,3.475122623525704,0.17551227455690413,-0.001657860014304782,0.0,439.7081590643802,442.07240899776457,439.85716641485817,438.94241000129665
1.5000000000000009,0.35592631777936434,0.5301552566145228,12.938801009431188,0.20266972279025097,6.19816825663484,0.0,0.7608037305660953,1.305556396246064,3.5919529635471825,0.15029913473218415,-0.005314891505100734,0.0,459.56772748892405,459.27781166460943,461.29111937043393,459.3214519507286
1.560000000000001,0.4030608815936708,0.6120313527713466,13.153820855481792,0.2117016412720618,6.197560450795841,0.0,0.8103730577552042,1.42437948247521,3.57516070140212,0.1509930618201681,-0.022111453640530063,0.0,418.38564910507824,416.92066573570503,417.8632232236701,417.94660906478555
1.620000000000001,0.4533134223653623,0.70151151214287,13.369296723099497,0.220488070385346,6.196375830956693,0.0,0.8648000825310925,1.5590379643005858,3.606952017551339,0.13529419561877024,-0.015385460228317717,0.0,434.67333056108,435.2366807933995,434.9859642666621,433.68968754383513
1.680000000000001,0.5072230270022997,0.8001651214402906,13.590805322919037,0.22859932560602747,6.195105011622358,0.0,0.9322337596956545,1.730129868997363,3.7757310908072648,0.1349737513502868,-0.03647503286065595,0.0,479.4433384078397,477.8382155887339,478.6888254511646,478.67987697811327
1.740000000000001,0.5644739718960287,0.9073651937426161,13.814300743126912,0.23663007781733025,6.193038228365161,0.0,0.9762982993424769,1.8438007195144182,3.6741867339712426,0.1314916377741942,-0.030670710482058237,0.0,390.4058548160743,390.94643382702964,391.8764741406444,391.5717706819875
1.8000000000000012,0.6249245043806776,1.0228697429227862,14.037339423117198,0.24510902039917326,6.192046074926864,0.0,1.038799989384693,2.007015923344668,3.759761434130726,0.15595708647551648,0.002540457847507527,0.0,453.64427282659085,456.3034350492078,453.9212681595496,455.8981485822534
1.8600000000000012,0.6892574173155999,1.1486576579585086,14.266750862609172,0.2544257119849007,6.1923014984563896,0.0,1.105532158718603,2.1866954178402067,3.886394202694286,0.15388645616648786,0.007486588117269692,0.0,469.1025896313258,469.4864614144536,469.31893758789124,469.1795840137399
1.9200000000000013,0.7573591594334302,1.2847903214406025,14.501318004368441,0.2640441712974111,6.19282127351612,0.0,1.1644279420793726,2.3518009255894747,3.9319174657820706,0.17076191372603278,0.010917519611503806,0.0,444.92679927471397,445.20751492495754,445.12958791987205,446.5326395962603
1.9800000000000013,0.8291657238259939,1.431543232010808,14.740545120454485,0.27396600478222943,6.19310555603699,0.0,1.2289909564504975,2.540775782636903,4.041393528663368,0.1514905656577375,-0.011997639955114426,0.0,467.67625376678325,465.88778820948454,468.3102579523025,466.83307700673646
2.0400000000000014,0.9052062312703856,1.5909226494763702,14.990159845916002,0.2836170684857109,6.1920315600262334,0.0,1.305669734335404,2.772605809935448,4.277540631275084,0.17496093312404598,-0.03358809718527458,0.0,507.0509409255963,505.4974193455511,506.9717392469425,508.6761030182458
2.1000000000000014,0.9848259704626542,1.761213546457152,15.242873503389845,0.2937267901569216,6.190117765954277,0.0,1.348472983148593,2.904472875530953,4.146332031865567,0.15066976165729232,-0.028712271688569515,0.0,390.7153463435495,391.1692162945723,391.4064012729662,389.16972290547375
2.1600000000000015,1.0675497403250547,1.9411290075590024,15.49290874398584,0.30323152738780834,6.1884324598855525,0.0,1.4090897016651132,3.0933501689659777,4.1874448679611245,0.17057735349326947,-0.026869258199259713,0.0,451.0073592191368,451.1560149337618,449.3915102405494,451.0255954445938
2.2200000000000015,1.1539643365163663,2.1326194308484796,15.745597843734126,0.31339307860647914,6.186795550751405,0.0,1.471486430299409,3.290366966789658,4.234695158586945,0.16680801326043787,-0.028119849621544214,0.0,454.4944961513568,454.3940795686978,454.3121204460582,454.0365538266423
2.2800000000000016,1.243789218226219,2.3349454026250536,15.997505576014717,0.32324573928883726,6.18526236067877,0.0,1.522785102516326,3.4544875260961567,4.161976931146485,0.15844132784469298,-0.020859728351579666,0.0,414.81457311014736,415.4515620092682,415.9445394970368,415.2387727262035
2.3400000000000016,1.3364842599667948,2.5465120920455417,16.24281399748093,0.33363322176685983,6.184232989147592,0.0,1.5671383789193447,3.598387160232714,4.015069652419024,0.19268620185164245,-0.010622877852396509,0.0,387.7624176388359,388.72309498478563,387.27483661363357,390.51538004283515
2.4000000000000017,1.4324704244686386,2.7688920404847734,16.485165361610864,0.34545809076460365,6.183461986304021,0.0,1.6323836384851609,3.8150554970950545,4.062339057145791,0.20466251972148575,-0.017724570691655697,0.0,457.48917887709456,456.9234100779252,456.1826420156154,457.1747407363155
2.4600000000000017,1.5324106721523731,3.004567990383251,16.730527448013323,0.35817484425813184,6.182225293933982,0.0,1.6989774570368854,4.041629869780209,4.115300311761185,0.2235251646120076,-0.02712062246300769,0.0,459.97748006773423,459.23268993613874,461.6310304971392,463.1592002527384
2.520000000000002,1.6364452133272607,3.2543258712221466,16.979677830000472,0.3722714960453981,6.1802419866549805,0.0,1.7689107118212142,4.284537450130011,4.188368564158272,0.2513115316672431,-0.04885908279678637,0.0,470.3753062346139,468.68809919907073,469.3665049939931,471.56897385962935
2.580000000000002,1.7441742078094056,3.5169964149618265,17.228228043976053,0.38740170035683263,6.177275149889997,0.0,1.8222557237291905,4.472079263256532,4.0961074212349775,0.25383063882739765,-0.050649979570971886,0.0,416.7529439950116,416.5946449803817,416.5751967045789,416.8638820586324
2.640000000000002,1.8557397591763563,3.79322445629548,17.47628158914341,0.40264136087942326,6.17415388164782,0.0,1.8967868212805787,4.736459682435262,4.170753383314513,0.254319054096847,-0.0549139189920353,0.0,474.0331234079458,473.70372636357337,476.2700432133915,476.3674453317009
2.700000000000002,1.9716564266140801,4.084926884570862,17.727149397201856,0.41866147352819816,6.170435386642566,0.0,1.9673233768239542,4.987870857004727,4.190132301360601,0.28465351854987025,-0.08237031142074991,0.0,462.5082049181421,460.3373784768702,458.36839974480284,460.84107844811814
2.760000000000002,2.0916241102333846,4.3910558264349895,17.9769982391812,0.4358582038146128,6.165293314150571,0.0,2.031955854412841,5.217394332427056,4.1370723896027055,0.29025846641213343,-0.09336550015570282,0.0,438.7568331325473,437.83660388038356,439.2469945257772,439.7959267495318
2.820000000000002,2.2160236864095872,4.7128544531148115,18.227067611494995,0.453639895460209,6.1601540507678685,0.0,2.1150864414925157,5.510173067075003,4.196604259549984,0.30637563856749567,-0.07352236120738216,0.0,479.60110134137085,481.10053538981583,478.61760865205474,479.92477411568683
2.880000000000002,2.3451020638326163,5.051072801082434,18.477580898628062,0.4721997670982949,6.1558435610520235,0.0,2.1877973761536693,5.764731503081374,4.152443112947316,0.3146561843409554,-0.0686771664755022,0.0,449.5003582100418,449.8890062592927,448.2363746345174,449.0054507838339
2.940000000000002,2.4790874914322285,5.4065072128167975,18.72855579722137,0.49108099263521243,6.151290130418193,0.0,2.278618183503932,6.083976136084404,4.211108279874075,0.3147486687904526,-0.09698254156486777,0.0,488.6348332514412,486.51536738097064,487.303929947606,487.4024812020538
3.000000000000002,2.6180576523317267,5.779410549371632,18.97913690778872,0.5105427189030953,6.145289995061077,0.0,2.3541012890899573,6.346997851445186,4.140111656424557,0.3387455757243147,-0.10684737157262761,0.0,448.13272213904946,447.3213176842235,447.5103895262094,449.56539324065113
3.0600000000000023,2.7621173943050294,6.169963632756013,19.22814487605878,0.5306336531172962,6.138355586498301,0.0,2.4483189986361156,6.672230055639849,4.157766358407012,0.32565209242416754,-0.14536275743056656,0.0,484.4422629821213,481.5249686446906,483.24717754138766,482.3640807300915
3.1200000000000023,2.9112591552247773,6.577852336126261,19.473798882912345,0.5502506315217364,6.129843080524935,0.0,2.5236367894061926,6.92479507464292,4.0293782596341785,0.32941936297819313,-0.1356874698318578,0.0,435.4938391458959,436.28337533239795,436.13147963501456,436.55775877598404
3.1800000000000024,3.0652338614934247,7.001728196602279,19.712592440781357,0.5695858115086638,6.121445359120759,0.0,2.609377072333115,7.205018988881353,3.9287462077571975,0.30145512582596057,-0.15027255142535093,0.0,450.9088422018365,449.71057198943805,450.8618066205323,448.69993760174077
3.2400000000000024,3.2250498263721323,7.44445752332332,19.948008967513317,0.5873577643535546,6.112035954903902,0.0,2.7184322566980574,7.5528559065457355,3.9160299400223044,0.2828272271223478,-0.17499799031816593,0.0,486.97086632437936,485.0957460298451,486.5761731168031,485.25987487333964
3.3000000000000025,3.391535908719253,7.908074100543789,20.18215020683381,0.6044402173906427,6.10181862959891,0.0,2.8317928935781422,7.901063611279775,3.886283051589017,0.2882173129535017,-0.16223900321942414,0.0,484.9925841138728,485.92496697164916,485.7570086169462,486.23568390403864
3.3600000000000025,3.5638936992416568,8.389316629732209,20.409319352443486,0.6224243864790768,6.092473627837782,0.0,2.9140108765880837,8.140746283336052,3.6850312499092,0.31620045064204766,-0.145204924273494,0.0,425.8525270727981,427.2833324996867,424.51488435161156,427.00435204295417
3.4200000000000026,3.7422054738857247,8.887781897611632,20.628024426040852,0.6410419696458005,6.083314568767642,0.0,3.030169511798727,8.474812046616677,3.602853334947711,0.2946442280463889,-0.17483278199122,0.0,476.2576445406617,473.96425529617017,477.30863258563346,475.7507473470394
3.4800000000000026,3.9276388928833277,9.406435010505385,20.841539374738684,0.659236083761181,6.072450069983439,0.0,3.1515229812497383,8.813462580296283,3.5119993735421318,0.31642584956051906,-0.19801366085180494,0.0,479.60932118917145,477.81514483842943,477.015265050557,478.7620101538919
3.5400000000000027,4.120733815568028,9.946109723496827,21.050072931407772,0.678199492246204,6.061524157674967,0.0,3.2855542529529305,9.175365776784847,3.4363928032645195,0.31531037952482943,-0.16144822946406,0.0,488.8279164127472,491.5160888454687,490.1107618805124,490.1197357940966
3.6000000000000028,4.320525927714475,10.503420870989995,21.248587432103996,0.6970056196561734,6.052137087607498,0.0,3.37462678534279,9.401896295733483,3.17982874694296,0.30940572929844895,-0.14798034745896343,0.0,423.5503228160563,424.6829181153526,423.1474873554204,422.74450393015627
3.660000000000003,4.526207070493517,11.075613632200055,21.43300448235472,0.7152000975116808,6.043125227609977,0.0,3.481761215144922,9.671122754852046,2.965980745752741,0.28662861337399154,-0.15504198316008877,0.0,445.449347898457,444.8500386576888,445.66522463452026,443.8918102086033
3.720000000000003,4.73823068863544,11.663517875764928,21.603832445597973,0.7326880121342905,6.03473368359837,0.0,3.5860230774034165,9.925566158390717,2.7271245481128408,0.2996941094494785,-0.119844784760721,0.0,436.45088516071934,439.3603842071278,437.62479156960126,438.79868983437956
3.780000000000003,4.957516973004116,12.269167753852457,21.762857096658575,0.7508862476846119,6.027213690676739,0.0,3.7235953735146987,10.262156812276144,2.5715035690911754,0.30967589955177477,-0.13952374079181,0.0,477.91142322912503,476.3951348450916,477.1008963952362,477.9492332911327
3.840000000000003,5.1853906822370766,12.895701071696479,21.912966943220216,0.7690903219260132,6.01914169010433,0.0,3.8722587615316124,10.621420749077885,2.4296187845967396,0.28636323120080104,-0.12607067155627222,0.0,488.84629645897047,489.8331347151622,490.02854693757615,488.3757250510612
3.900000000000003,5.420436769643065,13.539103381603969,22.04944279809915,0.786888046250894,6.011316239822012,0.0,3.9628612232179794,10.825279601265866,2.11895989207582,0.31174716346380704,-0.14097048216628993,0.0,421.3054476408759,419.9977083420898,419.4073951056727,421.7010156527869
3.960000000000003,5.661355816324932,14.195702110740422,22.16811236657551,0.8057737911260681,6.002868449627719,0.0,4.067965772260398,11.061029376774036,1.8355644238553792,0.32018440267547965,-0.14045119608349882,0.0,437.02548638725057,437.04998949826177,434.95635205740217,435.76602722020533
4.020000000000002,5.909555956075611,14.868723968107465,22.271784926482844,0.8249829684055241,5.993984852681212,0.0,4.205391683770335,11.372132276290056,1.6181250706429293,0.32009015704843796,-0.17105896554442498,0.0,472.6647498521957,470.2789075614452,470.45276331734283,470.5441189047646
4.080000000000001,6.1656419477728965,15.559310126870976,22.36115933960126,0.8437108196503562,5.983669743744425,0.0,4.330955578025782,11.646581226953726,1.359339432180902,0.28732310918487963,-0.17369279711426705,0.0,458.3867666033202,458.14990879797296,459.0098616354331,456.4957026174356
4.14,6.428674925632906,16.264701916595207,22.4333698622034,0.8606903327950226,5.97365551423907,0.0,4.437029279733176,11.865903518293301,1.0467763347472057,0.2725296754686489,-0.15596226694853974,0.0,434.6465263143074,436.1031658730925,437.8030540868715,436.65221044217503
4.199999999999998,6.697009155814957,16.980527348487637,22.484426273051078,0.8766190260428122,5.963941307870638,0.0,4.507789936978536,11.994968883162116,0.6552440230428748,0.24518591783270988,-0.17770574142052037,0.0,397.11666568006626,395.0868996783585,396.7959228184935,394.3558378819488
4.259999999999997,6.971672328299649,17.7087494408117,22.515878378230237,0.8913862738021079,5.952706654332589,0.0,4.647728013012344,12.277774327799007,0.39176666070969507,0.24792423034462258,-0.2245812502403988,0.0,467.55586508207546,463.8528200964773,464.2531699978887,464.5258501629093
4.319999999999996,7.2550268461154825,18.454271549783677,22.531727239393653,0.9066223629633452,5.939599456041705,0.0,4.797566507420686,12.571359005430715,0.1349005781000509,0.2638258714193306,-0.2083995390431428,0.0,473.0541820727741,474.25494365419496,472.2742704959017,473.55985448441896
4.379999999999995,7.546987542333796,19.216200066695105,22.531147008753223,0.9221993093576533,5.92682470297035,0.0,4.934547141039846,12.824892140315171,-0.15554062092589607,0.24950851146874983,-0.2239297209786653,0.0,462.8759017303644,461.6083275246295,461.02960621304226,459.96142630584063
4.439999999999993,7.846456666941199,19.99150407090398,22.51171502235797,0.9373053127583582,5.913189902012919,0.0,5.047973827482822,13.017602912150883,-0.4928444070237966,0.25593026609810016,-0.23486252729744786,0.0,440.03738870430817,439.0787750194113,439.68610533380274,440.2823098672207
4.499999999999992,8.153971087432978,20.780645821743487,22.473719097898936,0.9533614333298193,5.899372196497527,0.0,5.202483880428645,13.285344336572264,-0.7752178601147816,0.28422908601588953,-0.22245859551312508,0.0,473.4396203344015,474.3442274037127,472.0137073720335,474.25992886423785
4.559999999999991,8.470005915119536,21.584015163100606,22.41742413998972,0.9705414845363647,5.885996363420572,0.0,5.331985584348246,13.492303998291362,-1.102349729484793,0.29023403770009976,-0.22388972206173843,0.0,454.1959541043875,454.0329876830483,453.22793240050584,453.7918620375599
4.6199999999999894,8.793398679257404,22.3987413364168,22.34075092195023,0.9877005281248268,5.872172156853754,0.0,5.447774034351128,13.66411293354842,-1.4541806472491579,0.27576259952462234,-0.24840817150085703,0.0,444.4787507003787,442.4097026059392,443.1063689164401,441.99753270489566
4.679999999999988,9.123335523566366,23.222771906082016,22.242316190875343,1.004778650842887,5.856797611900168,0.0,5.550214459987424,13.802639229047168,-1.8274003025661025,0.2981630226140694,-0.2803840390237171,0.0,434.0985447957696,431.3355030422778,430.6957721216819,432.6711269258334
4.739999999999987,9.46133729158913,24.058431282870643,22.123610991907036,1.022905369870215,5.8401362270186326,0.0,5.716229730395606,14.050479550182237,-2.131122664439503,0.30901054995046645,-0.27279337607787346,0.0,478.78682206509944,479.29231911150197,478.8392692062418,479.7496751038085
4.799999999999986,9.808256920924988,24.906769946146852,21.985288258308596,1.0413352785811965,5.823647673310042,0.0,5.847549854495762,14.225892704103622,-2.48065513363749,0.3032035744406801,-0.2791697180879041,0.0,457.6925015081103,457.11031133041365,455.74747940275745,455.37654565192406
4.859999999999984,10.164883265135769,25.768559520751218,21.827681632621733,1.0594765562310675,5.8065264669054955,0.0,6.0393672204945785,14.497677193341337,-2.7748567170887233,0.3006049606830409,-0.30204346648860386,0.0,498.74663051612123,496.99832979493385,497.5990818365575,497.4911647128405
4.919999999999983,10.530433509790962,26.641975705038796,21.6497420143112,1.0774794097504259,5.788868097350015,0.0,6.145496264351681,14.61499928956203,-3.156922883128656,0.2989117821973246,-0.28215991332804485,0.0,444.3319269540039,445.87159464826357,444.4363061090178,444.3891170972227
4.979999999999982,10.902352641642263,27.522250753096174,21.448823403082578,1.09590616054518,5.771565225729091,0.0,6.25155976117001,14.72629165668481,-3.5407864248780476,0.3198305488732642,-0.30521484743888766,0.0,446.12361774668494,444.15049033071307,445.11862525044864,446.92330703933436
5.0399999999999805,11.279635569121144,28.407469246524215,21.224026542428707,1.1149929411575057,5.753031698210483,0.0,6.324430530804027,14.780326194580635,-3.9524189873034983,0.31444620803278545,-0.31747806559968833,0.0,425.24948641533814,424.0942885281173,425.348342022351,424.99519391943727
