time,x,y,z,phi,theta,psi,x_velocity,y_velocity,z_velocity,phi_velocity,theta_velocity,psi_velocity,rotor_speed1,rotor_speed2,rotor_speed3,rotor_speed4
0.06,2.1961524525421984e-08,-2.9431953502022723e-08,10.000594478654595,6.28313786060745,6.2831507725336895,0.0,2.26534205312149e-06,-3.0752848650022426e-06,0.019815587701621076,-0.002421314179960106,-0.0017524195544895474,0.0,410.6757196020076,410.52029341276665,410.85564099823347,410.64096721168903
0.12000000000000001,1.3226381068080586e-06,-1.0862621904937486e-06,10.005601300999144,0.0003601629232594661,6.282665426528901,0.0,6.744284314053449e-05,-1.3498116171171927e-05,0.14706983841910876,0.02074963965627101,-0.025437365181965425,0.0,445.98221212922766,444.0439035269452,444.9700345089026,446.86246076043415
0.18,2.3463474055037787e-05,1.1619180209600843e-05,10.01931703184644,0.0017896844439091453,6.281141187326931,0.0,0.0008403898914387675,0.0005865797332489319,0.3100900387820847,0.02935852062115244,-0.02533732213776287,0.0,456.72925967128293,456.7371418005217,455.91487228960744,456.60211796361125
0.23999999999999996,0.00012888467999583916,9.704252982076004e-05,10.043978857231048,0.0036062956064739637,6.27976417829213,0.0,0.0028426571722173083,0.002470264342210338,0.5119007332133788,0.03205271576297029,-0.018559166471161338,0.0,467.5723928581554,468.10004883503683,468.5007873041281,468.71043039190687
0.3,0.0003792528624454159,0.00033543217305796714,10.079136966834437,0.006977553398296976,6.278131206059754,0.0,0.005639398419671235,0.005788152844778943,0.6599599581884615,0.08290022881798392,-0.056558511761669636,0.0,453.90013576970483,450.8402959587898,449.9559566286318,454.05474720453236
0.36000000000000004,0.0008465015353304873,0.0008619446143397357,10.123768592892088,0.011937552540040919,6.274807211951318,0.0,0.010311125718415238,0.012317837229825197,0.8276469474072486,0.08219566505265159,-0.05317877210410246,0.0,458.0550722555199,458.32175566964054,458.5519669231417,458.5013318089934
0.4200000000000001,0.0016562780833040552,0.0018753022763699132,10.177119078869318,0.016723040297744518,6.271959146036448,0.0,0.016996817372841096,0.021972127729066433,0.9505979176922918,0.07437682402192533,-0.037975361461252403,0.0,444.2139810505472,445.4573668705727,445.2126808266641,444.57766206910304
0.48000000000000015,0.002900706479947109,0.0035322792857442253,10.235774515751736,0.021491746246385723,6.269634158637196,0.0,0.02470265238581364,0.033700385156958224,1.0045261827919825,0.08810540586489232,-0.04034503622812069,0.0,422.21607237259,422.0107738624127,423.31380519611304,424.4987110547578
0.5400000000000001,0.004711675642035556,0.006082079429486071,10.301872126080632,0.02678187268920773,6.267263651672527,0.0,0.0359380805983036,0.05190165743605289,1.1985253302199526,0.08829512363899662,-0.037886084320497435,0.0,465.7775705010014,465.9691023533665,467.87948962057646,467.90029228477385
0.6000000000000002,0.007248401593782729,0.009843385237572732,10.379436038251207,0.031924528610163705,6.2654807397531105,0.0,0.04884519985026407,0.07407039783171998,1.3867070697275479,0.07996847825482636,-0.017008286829777917,0.0,465.57267411827996,467.20282608561615,465.1132253849036,464.46638883660285
0.6600000000000003,0.010579561130082283,0.01502204446851785,10.467357315409672,0.03636243597504496,6.264635770799947,0.0,0.062292210760743816,0.09905925862162505,1.5437824969529268,0.05791275912015147,-0.008794300631558359,0.0,456.7929704161909,457.4475704332216,457.16802157567514,455.4113979269857
0.7200000000000003,0.014775331652577226,0.021875080439948385,10.566888691468694,0.039363719217430315,6.264202121679229,0.0,0.07761858666531139,0.12976576826008424,1.7735838306809002,0.025479821595126365,-0.004264730642492583,0.0,479.36534566581946,479.70950621533916,479.30250985250836,476.8327142293238
0.7800000000000004,0.019860154013235817,0.030551523737928292,10.678101020199039,0.040598799240020966,6.263630513923275,0.0,0.09191300820728722,0.15959400303258447,1.933227879612244,0.00835005006476096,-0.02296515877254391,0.0,460.291200352578,458.8090969826074,458.5043344983634,457.1414753266351
0.8400000000000004,0.02582425239392907,0.04104969133213849,10.799104836512852,0.04081646989090881,6.262294759795624,0.0,0.10703608493303018,0.19037469718722524,2.099933581130483,-0.008061859257136164,-0.02089330375331376,0.0,460.3974964983809,460.56137814795454,462.94046756750873,461.6473179893127
0.9000000000000005,0.032726441343493416,0.05339697049292454,10.930149641293797,0.03995492868499717,6.260827897116407,0.0,0.12318104436000475,0.22111670533156844,2.2679049155443556,-0.031550094263943965,-0.032721395588727165,0.0,462.26262365843587,461.32958301843547,463.9164369265036,462.0686161859592
0.9600000000000005,0.040518693697642084,0.06736311212911929,11.066222648684306,0.038326303597335354,6.258773079333107,0.0,0.1367355338779944,0.24426710159888473,2.2678618670394206,-0.019535293657947844,-0.037486633189735934,0.0,409.45460417503506,409.02985862434446,408.97158102123393,410.0400343688312
1.0200000000000005,0.04921511653725402,0.08277445124172052,11.204453549104647,0.03778318876452591,6.2563742601786,0.0,0.1533682190038354,0.26935830960029233,2.3396845726315774,0.006336723341130229,-0.04550159554652852,0.0,434.3850656491102,433.7115692179049,431.1769783870939,433.35718416478335
1.0800000000000005,0.05896276889283283,0.09969167866525612,11.347154780479432,0.03860570039215183,6.253976017738944,0.0,0.1717998987634839,0.29460351269924495,2.416849618368472,0.02541779590199519,-0.030729943055554734,0.0,434.35337918240674,435.58948496233484,434.65283941188756,436.2488959392552
1.1400000000000006,0.06988261143388645,0.11817172632689217,11.495211921510027,0.039757081550075846,6.252314601494238,0.0,0.19236630434985855,0.32152888489271725,2.5181547049221913,0.002268862599541065,-0.022215889197748244,0.0,442.3632509528876,443.06356522255413,444.744037503619,442.8439883404739
1.2000000000000006,0.08214207132791415,0.13837911996763091,11.65169677930464,0.03944836495965909,6.251105502919639,0.0,0.2164131475899693,0.35203062840070476,2.6975910230252973,-0.027221353274315175,-0.016313774233688124,0.0,466.5587137850793,467.019327267374,469.6926680345435,467.40008941430193
1.2600000000000007,0.09584748775915573,0.16037402181082655,11.818225897106506,0.03848334445383017,6.2499032299617205,0.0,0.24053972826796052,0.3809786992436202,2.853000988760623,1.063414560091916e-05,-0.028780544309367037,0.0,461.4528938128672,460.4677604762195,460.5778967855084,462.7266327037293
1.3200000000000007,0.11086812227457486,0.1839039376945835,11.989260510264494,0.03846560776296304,6.248128632253993,0.0,0.2602989413333255,0.40334868201509577,2.848155475969008,-0.0009153000135627908,-0.031218022065064518,0.0,411.7791997313314,411.5631710808336,410.0638763593882,409.98162104681387
1.3800000000000008,0.12719986907685826,0.20887740301509286,12.16265867612984,0.03864519088422558,6.246015688314083,0.0,0.28428092766996266,0.42909602932782637,2.931559538087144,0.009845315299270185,-0.04473072371286633,0.0,440.51478301870566,439.39538053031487,439.2189602273429,440.11044859240906
1.4400000000000008,0.1450414583298894,0.23542714402443077,12.341737555729122,0.03891233263329763,6.243376758242135,0.0,0.31070088159621084,0.45592849584169665,3.0374407775020154,-0.009430616118076694,-0.042526002333413145,0.0,447.4380020204323,447.61637922113715,448.00072993665384,446.4306052736466
1.5000000000000009,0.16442243866454767,0.2634912532432658,12.524685664854719,0.03864977637214562,6.24092034089858,0.0,0.33555477248133475,0.47949934334052685,3.0607532865148874,0.004188229267705438,-0.037944614869163874,0.0,421.04224385000686,421.4374426509333,421.0955081588091,422.27205916876835
1.560000000000001,0.18533779354889576,0.2929666371965643,12.70900880049618,0.039661078521533,6.238433315435,0.0,0.3618340612741326,0.503071529512686,3.0832712522162673,0.034520717442872224,-0.049589960757451104,0.0,421.8133053938647,420.8053558331967,420.1238192360716,422.7456613929727
1.620000000000001,0.20798018339810947,0.3239700454667062,12.896942278349446,0.04159369559357984,6.2350952799153205,0.0,0.3932149142561748,0.530564912944639,3.1808763203001957,0.027135904197557487,-0.07184195166436931,0.0,445.70126605279415,443.87660013762,447.0318151100536,446.4300170401908
1.680000000000001,0.23266194269916377,0.35673234727861836,13.092428326126429,0.04362080604030627,6.231086968596044,0.0,0.42994277677119863,0.5616926110837053,3.334841446974133,0.0445533538850687,-0.058270986102337746,0.0,463.21804258857577,464.2808379697178,463.0217209754639,464.39037877842765
1.740000000000001,0.25974118923735273,0.3915009264978561,13.299194689683777,0.04623407413785241,6.227979972463745,0.0,0.47305411944656883,0.5975432613936142,3.556651045730954,0.04147850038927527,-0.041231554886865605,0.0,483.8678738573241,485.1474028427466,485.0552396120611,484.82515065669617
1.8000000000000012,0.28919916233392834,0.42824883825739585,13.514260924536186,0.048704260525008536,6.2256013487024955,0.0,0.5090964649741775,0.6276108803375551,3.6120087168645156,0.040545231555472135,-0.03664424238762872,0.0,434.79664006472416,435.1799731876755,436.2089496271406,436.1319334806311
1.8600000000000012,0.32105413187050813,0.4670091591603889,13.735918499931483,0.05154505702208034,6.2237391728249065,0.0,0.5529250021536666,0.6646653218608362,3.7759986056069037,0.05831440757102988,-0.02168658744269848,0.0,468.2341197314718,469.39605633058545,469.7812192928758,471.1582540102363
1.9200000000000013,0.35539585905278126,0.5079023873641091,13.964384113833908,0.055382327940090015,6.222385691188681,0.0,0.5919095414297861,0.6987825404604721,3.839262509083961,0.07334687319363156,-0.024360285611524694,0.0,440.3694064081289,440.1481347825123,438.7561205688086,440.0054519384913
1.9800000000000013,0.39214856159911016,0.5509617446403318,14.197384618486025,0.05965786199879286,6.220824749000624,0.0,0.6333076639714721,0.7369423439873417,3.927062045943828,0.0667193059226523,-0.0295505481539119,0.0,448.0539561641405,447.63162810062124,448.68328817735045,448.1487030749183
2.0400000000000014,0.4315628330436975,0.5965361828604533,14.437964978942388,0.06418015080503281,6.219142889869357,0.0,0.6806511342795684,0.7826440691923452,4.0916322385546575,0.08865705721508364,-0.02515343060978475,0.0,472.1128119009898,472.4518212086699,471.4172039612931,473.1133711260743
2.1000000000000014,0.47383044374945743,0.6449352446248059,14.688048027872462,0.06945221483559205,6.2172801921103975,0.0,0.7284067478445718,0.8311959957503614,4.243826209739122,0.08624157152544812,-0.04669075785545626,0.0,471.7882321738227,470.121910593598,468.96947775711953,468.78777113286344
2.1600000000000015,0.5188072880010227,0.6961498694919028,14.944226505360513,0.07467594853414994,6.214652756765277,0.0,0.7710584676658568,0.8764293911081256,4.295173045394819,0.08865394669984288,-0.03854484302472402,0.0,439.52472167456693,440.1982684775641,440.3162013827409,440.52209248727837
2.2200000000000015,0.5666578420987738,0.7504717117280881,15.20734902185876,0.07980833188028047,6.2133234136528515,0.0,0.8240969446574009,0.9348321499994442,4.474780103599347,0.07844771453579225,-0.0010785168308980915,0.0,478.3487550800126,481.1934475148053,480.456985974662,479.68788563798086
2.2800000000000016,0.6172337393679486,0.8078615698996272,15.474424483028894,0.0844469459759436,6.213022336100742,0.0,0.8617821518848866,0.978544353300646,4.427854955598308,0.07493378453109537,-0.014369216981491701,0.0,410.27623561665547,409.0944212775989,410.4147885839903,410.10803064112366
2.3400000000000016,0.6702657575216111,0.8681770144518757,15.741361829509732,0.0889755850870122,6.212470645505501,0.0,0.9059934603039884,1.0323665743156385,4.469808672336021,0.0765422060233452,-0.0004585861305924496,0.0,438.5849363047728,439.7390081264262,439.1362246821973,439.27419110624555
2.4000000000000017,0.7258989780005833,0.9317342292750936,16.009998860802465,0.09430813957681394,6.212117191668302,0.0,0.9484445807531582,1.0866404853601515,4.484615025341356,0.10620000586383842,-0.019908351875354467,0.0,431.96405181039495,430.32063483949247,429.4663348660552,431.98133749927325
2.4600000000000017,0.7841522139364014,0.9987340522350112,16.280412739737265,0.10074614991212183,6.210742224874309,0.0,0.9934244992121087,1.1472571879011173,4.52888188735266,0.10941264654160598,-0.029735697963436773,0.0,441.21686309360905,440.404616073068,440.6636363331257,440.9393614680499
2.520000000000002,0.8452343562846064,1.0696373304838587,16.554888437033707,0.10731682289194033,6.20928771313195,0.0,1.0427677923098377,1.21679244787358,4.619793550060058,0.10970745866453796,-0.015052146996365985,0.0,455.8627212564821,457.03457687785186,455.77793347971385,455.8117533639174
2.580000000000002,0.9091813626607449,1.1446687816623267,16.833187445895796,0.11365416753018653,6.208406270705865,0.0,1.0888551559134128,1.284821884654869,4.656551230110772,0.09586282452169176,-0.013977478667742776,0.0,440.6701070966144,440.759049381835,440.1504931473711,439.01287761500606
2.640000000000002,0.976010239339894,1.2240520532276553,17.115032256881396,0.11954831599537563,6.207331159773265,0.0,1.138825450592778,1.361804829764946,4.737789447906349,0.10260002316848191,-0.02727309075033757,0.0,455.64438202412487,454.5801353716147,454.21893359302925,454.7670003733368
2.700000000000002,1.0457110639429148,1.3079372043068336,17.399801898780403,0.12592715087709117,6.2057296577273,0.0,1.1846590233857361,1.434897448636485,4.754305440893325,0.11285883574431547,-0.025553722976573053,0.0,435.023045194191,435.1668404734198,435.05413224975104,435.92246436578057
2.760000000000002,1.1187223930925803,1.3971947194033436,17.69235763641408,0.13335522303241465,6.2048595974980785,0.0,1.249089718510433,1.5410704244497895,4.996270436368345,0.1396755474171232,0.0015030519068151664,0.0,502.503568617517,504.4613920216313,503.0678169973485,505.01758426279315
2.820000000000002,1.1952003692398305,1.4923057204670136,17.994204144458937,0.14171086053139348,6.204598195407975,0.0,1.3001329617869033,1.6300421709178121,5.064757019182103,0.13841857498396104,-0.01989107929726898,0.0,457.0812720524988,455.3728988904774,453.883336802867,453.7999914646382
2.880000000000002,1.2749626057276768,1.593305820897282,18.30283249480425,0.15018992680712273,6.2037255091706065,0.0,1.358639437010084,1.7374162413637892,5.221860002487122,0.14655781402349077,-0.0055632187767457346,0.0,481.91877410446193,483.00081586300536,483.14729773125396,483.7774123267812
2.940000000000002,1.3579441052298538,1.7003590005416798,18.61708040806835,0.15876921499010965,6.203547408871213,0.0,1.4073958207972554,1.8317639955280114,5.252678251541981,0.13468301325616672,0.0017732209673597859,0.0,446.5356574540652,447.13389872537323,446.35447027927,445.40306283295877
3.000000000000002,1.4436003748822783,1.8127282935611004,18.93007005822192,0.16675237339050497,6.203579143147589,0.0,1.4478082833694774,1.914511259757331,5.180440105119358,0.12957849009604583,-0.0020839211702947304,0.0,412.9110659364303,412.5705708303348,413.574265372612,413.1420746955602
3.0600000000000023,1.5318889980120312,1.9306247910150733,19.241319936339693,0.17415217877923972,6.203920360382536,0.0,1.4950983678507985,2.0159962709760766,5.194246322378767,0.10635376502978185,0.017901046811846715,0.0,441.204525923052,442.85168985835634,441.92027067157204,440.015007977095
3.1200000000000023,1.6228137357355055,2.0543218462453754,19.551048061630546,0.1805641155345148,6.204599109102041,0.0,1.5356465068081064,2.1077403241373407,5.13012946804335,0.107869295475602,-0.007054605049666892,0.0,416.8357782634177,414.6486944464989,416.58723412029536,416.7306076088231
3.1800000000000024,1.716557973430915,2.1845297726318402,19.861867802302836,0.18648713529077288,6.204261379115042,0.0,1.589131493168458,2.233021479669824,5.229781118793587,0.06541005612976461,-0.002919642302624089,0.0,468.3629790577916,468.68461317073263,470.9578673486934,467.6688411374389
3.2400000000000024,1.8135207901015822,2.3223765713185514,20.178736489688237,0.19063676730234835,6.204195591009007,0.0,1.6429023061505275,2.36212002138339,5.331786581492483,0.07576447668872488,0.0023212883508083064,0.0,471.0270514516778,471.43227440730726,470.5791748137755,471.3834428479736
3.3000000000000025,1.9133411342766469,2.4671713127337473,20.497183791969213,0.19494230963802472,6.204305036993542,0.0,1.6844188707957441,2.4647010770630713,5.283161378968233,0.06222555248843502,0.0008106293244943288,0.0,424.58841215565,424.45872240895994,424.97391897549386,423.81577338324337
3.3600000000000025,2.0158052450729733,2.6185692256861213,20.814671333783046,0.1981694941597265,6.204320771422948,0.0,1.7310080391624916,2.5821202115926813,5.29947066749773,0.025951721515442297,-0.0008578371156903743,0.0,445.77471992500585,445.63832748259955,447.31105790355025,444.3483972870975
3.4200000000000026,2.1208641160989923,2.7765626812276234,21.13069589396192,0.19972161139038924,6.203898176045763,0.0,1.7709629712695394,2.684424172862474,5.234856188382239,0.025701921791453378,-0.023800837957083792,0.0,421.58886044427663,419.60146388048463,418.41721853677217,418.395639161331
3.4800000000000026,2.228644771967303,2.9414975184880094,21.446746608636612,0.20082534245834793,6.202244804781378,0.0,1.8218185493139598,2.8133709073512803,5.29966067564907,-0.0031564322789819597,-0.03638535632766434,0.0,461.8561253448528,460.8621474202442,462.43895995985616,460.15969512628453
3.5400000000000027,2.339519476291879,3.1141951032031074,21.76680907546925,0.20030135323636244,6.199741427006398,0.0,1.8741756359393438,2.942998909560216,5.368588117867917,-0.023251984255264275,-0.05541105153394987,0.0,463.7887122344943,462.2907593586656,464.9963678100996,463.41926122478293
3.6000000000000028,2.4535333363309295,3.2945120377719572,22.090387394884175,0.1986282048946464,6.196588954662461,0.0,1.9265478380686993,3.0672485518533574,5.416977406852084,-0.03929714763660587,-0.04734561665215742,0.0,457.94034235138736,458.57985725752775,458.86813359283866,457.592163633557
3.660000000000003,2.5710451310490536,3.4829057192955446,22.42024410688964,0.1962131241203915,6.194482634239453,0.0,1.990675912010987,3.2119758918115098,5.577304031113409,-0.042230968199105746,-0.017869639222089895,0.0,491.4006326169954,493.58060848206094,493.19699695498053,492.97956387269204
3.720000000000003,2.6919678081647818,3.6788718364620983,22.75451021384187,0.19340699164632547,6.193192331140928,0.0,2.0401528154354285,3.319887585763009,5.564906218686761,-0.057882743288522324,-0.030001596000539404,0.0,441.6173887394928,440.6152940905549,442.70286111950935,441.41143104788654
3.780000000000003,2.816097391204472,3.881701315993977,23.090411486879702,0.1899103779700102,6.190877512535234,0.0,2.097625042168335,3.4405496217921403,5.6313968633882805,-0.059076742066934224,-0.067363115581729,0.0,468.3176290604733,465.4008990758805,466.19212708679106,466.0966180669758
3.840000000000003,2.9435578378902583,4.09133819959569,23.428542103167533,0.1864865694699498,6.1866654659519025,0.0,2.1513950125941306,3.5468848227209713,5.639501209308232,-0.05331516305862065,-0.07658088660802916,0.0,449.504155105717,448.75263665701846,448.79477210860233,449.2600697153503
3.900000000000003,3.0744903288863794,4.307593227974321,23.768884958476185,0.1828406994051024,6.181598508580745,0.0,2.21342395518363,3.6610725575645904,5.70480359558685,-0.08299448815633884,-0.10884766699102993,0.0,468.80945680381177,466.28903526703795,468.1482667909367,465.8299292678555
3.960000000000003,3.208804328622507,4.529813056900073,24.10890323149713,0.17843731805955088,6.175264696346442,0.0,2.2642268379106043,3.7458195996871253,5.6294794221521425,-0.05899079798508332,-0.09969809513796761,0.0,422.39894440052933,423.17703279996715,421.9456150097314,424.0085726940534
4.020000000000002,3.3461841728990316,4.756900986908173,24.443712533759154,0.17478062083956836,6.169234069496127,0.0,2.3155761103426027,3.8234596634080527,5.531272789223534,-0.06516953629604601,-0.10218537000605685,0.0,413.99458085752434,413.76606951135335,414.99122702872165,414.4454246353847
4.080000000000001,3.4872051677976383,4.989275105750417,24.776670029987137,0.17056266453876212,6.163610446546606,0.0,2.3856155785104045,3.921775496303301,5.567018447586749,-0.08328785504123434,-0.08067645221673228,0.0,456.2793000093606,457.98618522266605,458.4489918917589,457.003030966485
4.14,3.632592616950358,5.2275284340432515,25.112315992242152,0.16539341458964874,6.15919950452064,0.0,2.4610020503667522,4.019305392686101,5.620840574663189,-0.09260620702709742,-0.06208238051483727,0.0,462.62550362646033,464.08348370618256,464.23133544612995,463.4935917041119
4.199999999999998,3.7826075748404593,5.471538155124748,25.451421520006647,0.15973038936436001,6.155840524124372,0.0,2.5397544939353445,4.1135935136757595,5.682330136571978,-0.09819650284601297,-0.045955846050700154,0.0,465.97054447316617,467.227745983809,466.8827293840238,466.4391580242498
4.259999999999997,3.937425019701261,5.721088750901629,25.794392534589605,0.15363688237051942,6.152799014326424,0.0,2.6210158130516796,4.203957092850024,5.7496801133724915,-0.10930459345333621,-0.06241828324587428,0.0,470.3481544833656,469.06962204107793,468.9336880634048,468.06139646588093
4.319999999999996,4.096394377464958,5.975008441317028,26.13556778682569,0.14697365938709872,6.149076545477275,0.0,2.678277433327528,4.259529180169066,5.623572096521883,-0.11480035448204362,-0.06129768599346262,0.0,407.7602928525404,407.85727134524063,405.53485260791683,405.0285044830194
4.379999999999995,4.260145124173578,6.233531326177183,26.47868109342823,0.14038691591952812,6.145161785386474,0.0,2.7803288729779734,4.356804497822427,5.81249501236752,-0.10126998934957633,-0.0746166422238938,0.0,504.9016408333755,503.9369782054842,503.3045702914007,504.27388486689694
4.439999999999993,4.42921971504856,6.496827089446755,26.826856593192755,0.1343256206242085,6.141057151268811,0.0,2.85582564277123,4.4190680445130885,5.793462780890669,-0.10052974985728148,-0.058239268351246605,0.0,442.19388052822734,443.53763549590496,443.88873016607397,443.94065343982317
4.499999999999992,4.602990688640858,6.763824838469478,27.174641206831357,0.12851264967691112,6.138236337688438,0.0,2.9367590523559315,4.480182987615174,5.799342128980807,-0.09044221263096164,-0.030829278602726967,0.0,449.3067244187125,451.52250037131364,451.4123384412304,452.2179125747895
4.559999999999991,4.781183130549924,7.0339501214189015,27.519599915469975,0.12289338413102424,6.136035074564251,0.0,3.0031621430969433,4.523529595334001,5.699888368119092,-0.10100301947232787,-0.05221083962968803,0.0,417.0057772396949,415.13246807444426,417.13622057161086,416.20456987463274
4.6199999999999894,4.964011573488653,7.307076845159874,27.86277928303297,0.11746794895059942,6.132692222893967,0.0,3.0913321047932354,4.57999860917686,5.739205615726009,-0.07493930669448869,-0.0638459075598835,0.0,461.3795274698871,460.45776568413555,458.79801513500416,460.8562968338532
4.679999999999988,5.152371383789673,7.583609891613857,28.209535257172774,0.1125266857418783,6.129157138590767,0.0,3.1875628587551446,4.637125036309274,5.818824587367875,-0.10440869560211288,-0.05054131719345757,0.0,472.5642007278588,473.58662448459717,474.52243627543305,472.2488027355176
4.739999999999987,5.346003346630455,7.863039538479009,28.557504713045056,0.10585061359948966,6.126011251995433,0.0,3.267065551610114,4.676562302261181,5.780410770294233,-0.13075419066042818,-0.05650676333052135,0.0,437.3086127205425,436.80944458975534,438.25008457141803,436.0424967076764
4.799999999999986,5.544590804661954,8.144786817012434,28.904077526669816,0.09827765533217203,6.122870266548837,0.0,3.3527484450257434,4.714216030618075,5.772124742245288,-0.11841651816820642,-0.045119220464597015,0.0,445.21999290722636,446.14914040875436,446.3799205757778,447.3713352854091
4.859999999999984,5.7490867156542675,8.42907009800526,29.254627418245118,0.09110490420445494,6.120681106547167,0.0,3.463844298913924,4.7609142881238595,5.912118188105985,-0.12190361123237924,-0.023219597055778543,0.0,490.50783947660904,492.1312663959127,491.4021210754265,491.1321219513383
4.919999999999983,5.959739213612011,8.715677624517266,29.610325494147435,0.08383565135026316,6.119544415907859,0.0,3.557919348737137,4.7918608446693804,5.944393758122715,-0.11969742565904853,-0.011533882081255255,0.0,459.14433226784263,460.07077036442183,461.10823185127947,461.2698560256492
4.979999999999982,6.175855321922475,9.00389068678963,29.966863294487506,0.07688144256210006,6.118679485348903,0.0,3.6459469608891126,4.814520686882678,5.940329833826554,-0.10923443076515288,-0.020911361031443084,0.0,450.06817438916875,449.30846741239003,448.2047138868806,449.042538894321
5.0399999999999805,6.398147505125823,9.293728419155945,30.328534393356133,0.07081071792611127,6.117822229469606,0.0,3.7636558423688635,4.845850126138631,6.11440912358315,-0.08861983260707379,-0.003551729540656509,0.0,502.2869370398001,503.544690095733,501.18429602652486,502.6728835772846
